43.07
41 24 21
15 126 74
128 149 73
101 188 24
83 77 215
105 79 216
221 56 250
43 213 227
7 23 195
25 207 189
101 164 78
102 121 141
162 203 131
28 195 176
65 48 6
208 99 96
167 46 11
75 110 189
59 104 195
68 252 212
102 246 16
216 29 108
165 224 114
151 54 216
253 77 251
169 6 66
186 163 135
218 214 215
208 175 4
6 112 184
175 11 0
166 140 80
77 9 252
92 140 234
224 18 240
144 197 225
164 114 212
46 238 130
2 209 71
143 158 60
88 117 121
202 128 185
169 187 131
15 226 252
33 143 93
157 20 201
213 69 51
92 35 247
36 138 106
88 155 239
213 99 230
44 240 190
132 78 220
232 58 67
80 110 225
143 151 139
247 217 79
3 237 6
16 187 79
173 221 165
22 72 166
152 107 105
13 124 179
115 4 3
38 123 252
28 204 200
143 35 216
204 83 36
141 89 106
237 70 53
130 101 55
24 24 148
72 176 137
189 1 245
18 47 14
165 65 158
139 38 120
78 204 25
21 23 79
62 61 23
240 244 21
178 92 14
145 48 181
238 52 37
194 231 188
110 234 240
129 88 254
218 137 73
97 114 89
121 154 32
229 39 89
224 132 62
195 230 149
243 224 52
185 136 194
15 159 126
209 99 67
128 236 124
182 206 100
70 90 115
